db/db_177.jpg SIMPLE_RADIAL 3904 2928 2643.580312282056 1952.0 1464.0 0.02681871749678775
db/db_176.jpg SIMPLE_RADIAL 3904 2928 2643.580312282056 1952.0 1464.0 0.02681871749678775
db/db_175.jpg SIMPLE_RADIAL 3904 2928 2643.580312282056 1952.0 1464.0 0.02681871749678775
db/db_174.jpg SIMPLE_RADIAL 3904 2928 2643.580312282056 1952.0 1464.0 0.02681871749678775
db/db_173.jpg SIMPLE_RADIAL 3904 2928 2643.580312282056 1952.0 1464.0 0.02681871749678775
db/db_172.jpg SIMPLE_RADIAL 3904 2928 3690.7035940564797 1952.0 1464.0 0.036833901804990125
db/db_171.jpg SIMPLE_RADIAL 3904 2928 7387.7435581937625 1952.0 1464.0 0.0816690484937808
db/db_170.jpg SIMPLE_RADIAL 3904 2928 2643.580312282056 1952.0 1464.0 0.02681871749678775
db/db_169.jpg SIMPLE_RADIAL 3904 2928 2643.580312282056 1952.0 1464.0 0.02681871749678775
db/db_168.jpg SIMPLE_RADIAL 3904 2928 2643.580312282056 1952.0 1464.0 0.02681871749678775
db/db_167.jpg SIMPLE_RADIAL 3904 2928 3690.7035940564797 1952.0 1464.0 0.036833901804990125
db/db_166.jpg SIMPLE_RADIAL 3904 2928 2643.580312282056 1952.0 1464.0 0.02681871749678775
db/db_165.jpg SIMPLE_RADIAL 3904 2928 2643.580312282056 1952.0 1464.0 0.02681871749678775
db/db_164.jpg SIMPLE_RADIAL 3904 2928 2643.580312282056 1952.0 1464.0 0.02681871749678775
db/db_163.jpg SIMPLE_RADIAL 3904 2928 7387.7435581937625 1952.0 1464.0 0.0816690484937808
db/db_162.jpg SIMPLE_RADIAL 3904 2928 2643.580312282056 1952.0 1464.0 0.02681871749678775
db/db_161.jpg SIMPLE_RADIAL 3904 2928 2643.580312282056 1952.0 1464.0 0.02681871749678775
db/db_160.jpg SIMPLE_RADIAL 3904 2928 3690.7035940564797 1952.0 1464.0 0.036833901804990125
db/db_159.jpg SIMPLE_RADIAL 3904 2928 2643.580312282056 1952.0 1464.0 0.02681871749678775
db/db_158.jpg SIMPLE_RADIAL 3904 2928 3690.7035940564797 1952.0 1464.0 0.036833901804990125
db/db_157.jpg SIMPLE_RADIAL 3904 2928 2643.580312282056 1952.0 1464.0 0.02681871749678775
db/db_156.jpg SIMPLE_RADIAL 3904 2928 2643.580312282056 1952.0 1464.0 0.02681871749678775
db/db_155.jpg SIMPLE_RADIAL 3904 2928 2643.580312282056 1952.0 1464.0 0.02681871749678775
db/db_154.jpg SIMPLE_RADIAL 3904 2928 3690.7035940564797 1952.0 1464.0 0.036833901804990125
db/db_153.jpg SIMPLE_RADIAL 3904 2928 2643.580312282056 1952.0 1464.0 0.02681871749678775
db/db_152.jpg SIMPLE_RADIAL 3904 2928 2643.580312282056 1952.0 1464.0 0.02681871749678775
db/db_151.jpg SIMPLE_RADIAL 3904 2928 2643.580312282056 1952.0 1464.0 0.02681871749678775
db/db_150.jpg SIMPLE_RADIAL 3904 2928 2643.580312282056 1952.0 1464.0 0.02681871749678775
db/db_149.jpg SIMPLE_RADIAL 3904 2928 2643.580312282056 1952.0 1464.0 0.02681871749678775
db/db_148.jpg SIMPLE_RADIAL 3904 2928 7387.7435581937625 1952.0 1464.0 0.0816690484937808
db/db_147.jpg SIMPLE_RADIAL 3904 2928 4962.110485996753 1952.0 1464.0 0.04148894069802739
db/db_146.jpg SIMPLE_RADIAL 3904 2928 2643.580312282056 1952.0 1464.0 0.02681871749678775
db/db_145.jpg SIMPLE_RADIAL 3904 2928 2643.580312282056 1952.0 1464.0 0.02681871749678775
db/db_144.jpg SIMPLE_RADIAL 3904 2928 2643.580312282056 1952.0 1464.0 0.02681871749678775
db/db_143.jpg SIMPLE_RADIAL 3904 2928 2643.580312282056 1952.0 1464.0 0.02681871749678775
db/db_142.jpg SIMPLE_RADIAL 3904 2928 3690.7035940564797 1952.0 1464.0 0.036833901804990125
db/db_141.jpg SIMPLE_RADIAL 3904 2928 2643.580312282056 1952.0 1464.0 0.02681871749678775
db/db_140.jpg SIMPLE_RADIAL 3904 2928 2643.580312282056 1952.0 1464.0 0.02681871749678775
db/db_139.jpg SIMPLE_RADIAL 3904 2928 2643.580312282056 1952.0 1464.0 0.02681871749678775
db/db_138.jpg SIMPLE_RADIAL 3904 2928 3690.7035940564797 1952.0 1464.0 0.036833901804990125
db/db_137.jpg SIMPLE_RADIAL 3904 2928 7387.7435581937625 1952.0 1464.0 0.0816690484937808
db/db_136.jpg SIMPLE_RADIAL 3904 2928 7387.7435581937625 1952.0 1464.0 0.0816690484937808
db/db_135.jpg SIMPLE_RADIAL 3904 2928 2643.580312282056 1952.0 1464.0 0.02681871749678775
db/db_134.jpg SIMPLE_RADIAL 3904 2928 2643.580312282056 1952.0 1464.0 0.02681871749678775
db/db_133.jpg SIMPLE_RADIAL 3904 2928 2643.580312282056 1952.0 1464.0 0.02681871749678775
db/db_132.jpg SIMPLE_RADIAL 3904 2928 7387.7435581937625 1952.0 1464.0 0.0816690484937808
db/db_131.jpg SIMPLE_RADIAL 3904 2928 2643.580312282056 1952.0 1464.0 0.02681871749678775
db/db_130.jpg SIMPLE_RADIAL 3904 2928 2643.580312282056 1952.0 1464.0 0.02681871749678775
db/db_129.jpg SIMPLE_RADIAL 3904 2928 2643.580312282056 1952.0 1464.0 0.02681871749678775
db/db_128.jpg SIMPLE_RADIAL 3904 2928 2643.580312282056 1952.0 1464.0 0.02681871749678775
db/db_059.jpg SIMPLE_RADIAL 3904 2928 3690.7035940564797 1952.0 1464.0 0.036833901804990125
db/db_058.jpg SIMPLE_RADIAL 3904 2928 2643.580312282056 1952.0 1464.0 0.02681871749678775
db/db_057.jpg SIMPLE_RADIAL 3904 2928 2643.580312282056 1952.0 1464.0 0.02681871749678775
db/db_056.jpg SIMPLE_RADIAL 3904 2928 2643.580312282056 1952.0 1464.0 0.02681871749678775
db/db_055.jpg SIMPLE_RADIAL 3904 2928 2643.580312282056 1952.0 1464.0 0.02681871749678775
db/db_054.jpg SIMPLE_RADIAL 3904 2928 2643.580312282056 1952.0 1464.0 0.02681871749678775
db/db_053.jpg SIMPLE_RADIAL 3904 2928 2643.580312282056 1952.0 1464.0 0.02681871749678775
db/db_052.jpg SIMPLE_RADIAL 3904 2928 2643.580312282056 1952.0 1464.0 0.02681871749678775
db/db_051.jpg SIMPLE_RADIAL 3904 2928 3690.7035940564797 1952.0 1464.0 0.036833901804990125
db/db_050.jpg SIMPLE_RADIAL 3904 2928 7387.7435581937625 1952.0 1464.0 0.0816690484937808
db/db_049.jpg SIMPLE_RADIAL 3904 2928 2643.580312282056 1952.0 1464.0 0.02681871749678775
db/db_048.jpg SIMPLE_RADIAL 3904 2928 2643.580312282056 1952.0 1464.0 0.02681871749678775
db/db_047.jpg SIMPLE_RADIAL 3904 2928 2643.580312282056 1952.0 1464.0 0.02681871749678775
db/db_046.jpg SIMPLE_RADIAL 3904 2928 2643.580312282056 1952.0 1464.0 0.02681871749678775
db/db_045.jpg SIMPLE_RADIAL 3904 2928 2643.580312282056 1952.0 1464.0 0.02681871749678775
db/db_044.jpg SIMPLE_RADIAL 3904 2928 2643.580312282056 1952.0 1464.0 0.02681871749678775
db/db_043.jpg SIMPLE_RADIAL 3904 2928 2643.580312282056 1952.0 1464.0 0.02681871749678775
db/db_042.jpg SIMPLE_RADIAL 3904 2928 2643.580312282056 1952.0 1464.0 0.02681871749678775
db/db_041.jpg SIMPLE_RADIAL 3904 2928 2643.580312282056 1952.0 1464.0 0.02681871749678775
db/db_040.jpg SIMPLE_RADIAL 3904 2928 2643.580312282056 1952.0 1464.0 0.02681871749678775
db/db_039.jpg SIMPLE_RADIAL 3904 2928 2643.580312282056 1952.0 1464.0 0.02681871749678775
db/db_038.jpg SIMPLE_RADIAL 3904 2928 2643.580312282056 1952.0 1464.0 0.02681871749678775
db/db_037.jpg SIMPLE_RADIAL 3904 2928 2643.580312282056 1952.0 1464.0 0.02681871749678775
db/db_036.jpg SIMPLE_RADIAL 3904 2928 7387.7435581937625 1952.0 1464.0 0.0816690484937808
db/db_035.jpg SIMPLE_RADIAL 3904 2928 3690.7035940564797 1952.0 1464.0 0.036833901804990125
db/db_034.jpg SIMPLE_RADIAL 3904 2928 2643.580312282056 1952.0 1464.0 0.02681871749678775
db/db_033.jpg SIMPLE_RADIAL 3904 2928 2643.580312282056 1952.0 1464.0 0.02681871749678775
db/db_032.jpg SIMPLE_RADIAL 3904 2928 2643.580312282056 1952.0 1464.0 0.02681871749678775
db/db_031.jpg SIMPLE_RADIAL 3904 2928 2643.580312282056 1952.0 1464.0 0.02681871749678775
db/db_030.jpg SIMPLE_RADIAL 3904 2928 2643.580312282056 1952.0 1464.0 0.02681871749678775
db/db_013.jpg SIMPLE_RADIAL 3904 2928 2643.580312282056 1952.0 1464.0 0.02681871749678775
db/db_012.jpg SIMPLE_RADIAL 3904 2928 2643.580312282056 1952.0 1464.0 0.02681871749678775
db/db_011.jpg SIMPLE_RADIAL 3904 2928 2643.580312282056 1952.0 1464.0 0.02681871749678775
db/db_010.jpg SIMPLE_RADIAL 3904 2928 2643.580312282056 1952.0 1464.0 0.02681871749678775
db/db_009.jpg SIMPLE_RADIAL 3904 2928 2643.580312282056 1952.0 1464.0 0.02681871749678775
db/db_008.jpg SIMPLE_RADIAL 3904 2928 2643.580312282056 1952.0 1464.0 0.02681871749678775
db/db_007.jpg SIMPLE_RADIAL 3904 2928 2643.580312282056 1952.0 1464.0 0.02681871749678775
db/db_006.jpg SIMPLE_RADIAL 3904 2928 2643.580312282056 1952.0 1464.0 0.02681871749678775
db/db_005.jpg SIMPLE_RADIAL 3904 2928 7387.7435581937625 1952.0 1464.0 0.0816690484937808
db/db_004.jpg SIMPLE_RADIAL 3904 2928 2643.580312282056 1952.0 1464.0 0.02681871749678775
db/db_003.jpg SIMPLE_RADIAL 3904 2928 2643.580312282056 1952.0 1464.0 0.02681871749678775
db/db_002.jpg SIMPLE_RADIAL 3904 2928 7387.7435581937625 1952.0 1464.0 0.0816690484937808
db/db_001.jpg SIMPLE_RADIAL 3904 2928 3690.7035940564797 1952.0 1464.0 0.036833901804990125
db/db_014.jpg SIMPLE_RADIAL 3904 2928 2643.580312282056 1952.0 1464.0 0.02681871749678775
db/db_015.jpg SIMPLE_RADIAL 3904 2928 3690.7035940564797 1952.0 1464.0 0.036833901804990125
db/db_016.jpg SIMPLE_RADIAL 3904 2928 2643.580312282056 1952.0 1464.0 0.02681871749678775
db/db_017.jpg SIMPLE_RADIAL 3904 2928 2643.580312282056 1952.0 1464.0 0.02681871749678775
db/db_018.jpg SIMPLE_RADIAL 3904 2928 2643.580312282056 1952.0 1464.0 0.02681871749678775
db/db_019.jpg SIMPLE_RADIAL 3904 2928 2643.580312282056 1952.0 1464.0 0.02681871749678775
db/db_020.jpg SIMPLE_RADIAL 3904 2928 2643.580312282056 1952.0 1464.0 0.02681871749678775
db/db_021.jpg SIMPLE_RADIAL 3904 2928 2643.580312282056 1952.0 1464.0 0.02681871749678775
db/db_022.jpg SIMPLE_RADIAL 3904 2928 2643.580312282056 1952.0 1464.0 0.02681871749678775
db/db_023.jpg SIMPLE_RADIAL 3904 2928 2643.580312282056 1952.0 1464.0 0.02681871749678775
db/db_024.jpg SIMPLE_RADIAL 3904 2928 2643.580312282056 1952.0 1464.0 0.02681871749678775
db/db_025.jpg SIMPLE_RADIAL 3904 2928 7387.7435581937625 1952.0 1464.0 0.0816690484937808
db/db_026.jpg SIMPLE_RADIAL 3904 2928 2643.580312282056 1952.0 1464.0 0.02681871749678775
db/db_027.jpg SIMPLE_RADIAL 3904 2928 2643.580312282056 1952.0 1464.0 0.02681871749678775
db/db_028.jpg SIMPLE_RADIAL 3904 2928 2643.580312282056 1952.0 1464.0 0.02681871749678775
db/db_029.jpg SIMPLE_RADIAL 3904 2928 2643.580312282056 1952.0 1464.0 0.02681871749678775
db/db_060.jpg SIMPLE_RADIAL 3904 2928 3690.7035940564797 1952.0 1464.0 0.036833901804990125
db/db_061.jpg SIMPLE_RADIAL 3904 2928 2643.580312282056 1952.0 1464.0 0.02681871749678775
db/db_062.jpg SIMPLE_RADIAL 3904 2928 2643.580312282056 1952.0 1464.0 0.02681871749678775
db/db_063.jpg SIMPLE_RADIAL 3904 2928 7387.7435581937625 1952.0 1464.0 0.0816690484937808
db/db_064.jpg SIMPLE_RADIAL 3904 2928 2643.580312282056 1952.0 1464.0 0.02681871749678775
db/db_065.jpg SIMPLE_RADIAL 3904 2928 2643.580312282056 1952.0 1464.0 0.02681871749678775
db/db_066.jpg SIMPLE_RADIAL 3904 2928 2643.580312282056 1952.0 1464.0 0.02681871749678775
db/db_067.jpg SIMPLE_RADIAL 3904 2928 2643.580312282056 1952.0 1464.0 0.02681871749678775
db/db_068.jpg SIMPLE_RADIAL 3904 2928 2643.580312282056 1952.0 1464.0 0.02681871749678775
db/db_069.jpg SIMPLE_RADIAL 3904 2928 2643.580312282056 1952.0 1464.0 0.02681871749678775
db/db_070.jpg SIMPLE_RADIAL 3904 2928 2643.580312282056 1952.0 1464.0 0.02681871749678775
db/db_071.jpg SIMPLE_RADIAL 3904 2928 2643.580312282056 1952.0 1464.0 0.02681871749678775
db/db_072.jpg SIMPLE_RADIAL 3904 2928 3690.7035940564797 1952.0 1464.0 0.036833901804990125
db/db_073.jpg SIMPLE_RADIAL 3904 2928 2643.580312282056 1952.0 1464.0 0.02681871749678775
db/db_074.jpg SIMPLE_RADIAL 3904 2928 2643.580312282056 1952.0 1464.0 0.02681871749678775
db/db_075.jpg SIMPLE_RADIAL 3904 2928 3690.7035940564797 1952.0 1464.0 0.036833901804990125
db/db_076.jpg SIMPLE_RADIAL 3904 2928 2643.580312282056 1952.0 1464.0 0.02681871749678775
db/db_077.jpg SIMPLE_RADIAL 3904 2928 2643.580312282056 1952.0 1464.0 0.02681871749678775
db/db_078.jpg SIMPLE_RADIAL 3904 2928 2643.580312282056 1952.0 1464.0 0.02681871749678775
db/db_079.jpg SIMPLE_RADIAL 3904 2928 3690.7035940564797 1952.0 1464.0 0.036833901804990125
db/db_080.jpg SIMPLE_RADIAL 3904 2928 2643.580312282056 1952.0 1464.0 0.02681871749678775
db/db_081.jpg SIMPLE_RADIAL 3904 2928 7387.7435581937625 1952.0 1464.0 0.0816690484937808
db/db_082.jpg SIMPLE_RADIAL 3904 2928 2643.580312282056 1952.0 1464.0 0.02681871749678775
db/db_083.jpg SIMPLE_RADIAL 3904 2928 2643.580312282056 1952.0 1464.0 0.02681871749678775
db/db_084.jpg SIMPLE_RADIAL 3904 2928 3690.7035940564797 1952.0 1464.0 0.036833901804990125
db/db_085.jpg SIMPLE_RADIAL 3904 2928 2643.580312282056 1952.0 1464.0 0.02681871749678775
db/db_086.jpg SIMPLE_RADIAL 3904 2928 2643.580312282056 1952.0 1464.0 0.02681871749678775
db/db_087.jpg SIMPLE_RADIAL 3904 2928 2643.580312282056 1952.0 1464.0 0.02681871749678775
db/db_088.jpg SIMPLE_RADIAL 3904 2928 7387.7435581937625 1952.0 1464.0 0.0816690484937808
db/db_089.jpg SIMPLE_RADIAL 3904 2928 2643.580312282056 1952.0 1464.0 0.02681871749678775
db/db_090.jpg SIMPLE_RADIAL 3904 2928 2643.580312282056 1952.0 1464.0 0.02681871749678775
db/db_091.jpg SIMPLE_RADIAL 3904 2928 2643.580312282056 1952.0 1464.0 0.02681871749678775
db/db_092.jpg SIMPLE_RADIAL 3904 2928 2643.580312282056 1952.0 1464.0 0.02681871749678775
db/db_093.jpg SIMPLE_RADIAL 3904 2928 2643.580312282056 1952.0 1464.0 0.02681871749678775
db/db_094.jpg SIMPLE_RADIAL 3904 2928 2643.580312282056 1952.0 1464.0 0.02681871749678775
db/db_095.jpg SIMPLE_RADIAL 3904 2928 2643.580312282056 1952.0 1464.0 0.02681871749678775
db/db_096.jpg SIMPLE_RADIAL 3904 2928 2643.580312282056 1952.0 1464.0 0.02681871749678775
db/db_097.jpg SIMPLE_RADIAL 3904 2928 2643.580312282056 1952.0 1464.0 0.02681871749678775
db/db_098.jpg SIMPLE_RADIAL 3904 2928 2643.580312282056 1952.0 1464.0 0.02681871749678775
db/db_099.jpg SIMPLE_RADIAL 3904 2928 2643.580312282056 1952.0 1464.0 0.02681871749678775
db/db_100.jpg SIMPLE_RADIAL 3904 2928 3690.7035940564797 1952.0 1464.0 0.036833901804990125
db/db_101.jpg SIMPLE_RADIAL 3904 2928 2643.580312282056 1952.0 1464.0 0.02681871749678775
db/db_102.jpg SIMPLE_RADIAL 3904 2928 2643.580312282056 1952.0 1464.0 0.02681871749678775
db/db_103.jpg SIMPLE_RADIAL 3904 2928 2643.580312282056 1952.0 1464.0 0.02681871749678775
db/db_104.jpg SIMPLE_RADIAL 3904 2928 2643.580312282056 1952.0 1464.0 0.02681871749678775
db/db_105.jpg SIMPLE_RADIAL 3904 2928 2643.580312282056 1952.0 1464.0 0.02681871749678775
db/db_106.jpg SIMPLE_RADIAL 3904 2928 2643.580312282056 1952.0 1464.0 0.02681871749678775
db/db_107.jpg SIMPLE_RADIAL 3904 2928 2643.580312282056 1952.0 1464.0 0.02681871749678775
db/db_108.jpg SIMPLE_RADIAL 3904 2928 2643.580312282056 1952.0 1464.0 0.02681871749678775
db/db_109.jpg SIMPLE_RADIAL 3904 2928 2643.580312282056 1952.0 1464.0 0.02681871749678775
db/db_110.jpg SIMPLE_RADIAL 3904 2928 2643.580312282056 1952.0 1464.0 0.02681871749678775
db/db_111.jpg SIMPLE_RADIAL 3904 2928 7387.7435581937625 1952.0 1464.0 0.0816690484937808
db/db_112.jpg SIMPLE_RADIAL 3904 2928 2643.580312282056 1952.0 1464.0 0.02681871749678775
db/db_113.jpg SIMPLE_RADIAL 3904 2928 3690.7035940564797 1952.0 1464.0 0.036833901804990125
db/db_114.jpg SIMPLE_RADIAL 3904 2928 2643.580312282056 1952.0 1464.0 0.02681871749678775
db/db_115.jpg SIMPLE_RADIAL 3904 2928 2643.580312282056 1952.0 1464.0 0.02681871749678775
db/db_116.jpg SIMPLE_RADIAL 3904 2928 2643.580312282056 1952.0 1464.0 0.02681871749678775
db/db_117.jpg SIMPLE_RADIAL 3904 2928 2643.580312282056 1952.0 1464.0 0.02681871749678775
db/db_118.jpg SIMPLE_RADIAL 3904 2928 2643.580312282056 1952.0 1464.0 0.02681871749678775
db/db_119.jpg SIMPLE_RADIAL 3904 2928 2643.580312282056 1952.0 1464.0 0.02681871749678775
db/db_120.jpg SIMPLE_RADIAL 3904 2928 2643.580312282056 1952.0 1464.0 0.02681871749678775
db/db_121.jpg SIMPLE_RADIAL 3904 2928 2643.580312282056 1952.0 1464.0 0.02681871749678775
db/db_122.jpg SIMPLE_RADIAL 3904 2928 2643.580312282056 1952.0 1464.0 0.02681871749678775
db/db_123.jpg SIMPLE_RADIAL 3904 2928 2643.580312282056 1952.0 1464.0 0.02681871749678775
db/db_124.jpg SIMPLE_RADIAL 3904 2928 2643.580312282056 1952.0 1464.0 0.02681871749678775
db/db_125.jpg SIMPLE_RADIAL 3904 2928 2643.580312282056 1952.0 1464.0 0.02681871749678775
db/db_126.jpg SIMPLE_RADIAL 3904 2928 3690.7035940564797 1952.0 1464.0 0.036833901804990125
db/db_127.jpg SIMPLE_RADIAL 3904 2928 2643.580312282056 1952.0 1464.0 0.02681871749678775
